rational | p | G(N=128), G(N=256), G(N=512) | extrap (c/N) | Ĝ_tip | Ĥ(p)
   1/3 | 382 | 1.12835, 1.12836, 1.12837 | 1.12837 | 1.12056 | +0.0078
   1/2 | 255 | 1.11140, 1.11141, 1.11142 | 1.11143 | 1.10008 | +0.0114
   1/4 | 509 | 1.12356, 1.12357, 1.12357 | 1.12358 | 1.11829 | +0.0053
  1/4+ |  4 | 1.12156, 1.12157, 1.12157 | 1.12157 | 1.11696 | +0.0046
   1/5 | 636 | 1.11300, 1.11300, 1.11300 | 1.11300 | 1.10953 | +0.0035
   2/5 |  5 | 1.14414, 1.14415, 1.14415 | 1.14415 | 1.14032 | +0.0038
  2/5+ | 638 | 1.14644, 1.14644, 1.14645 | 1.14645 | 1.14196 | +0.0045
   2/7 |  7 | 1.13700, 1.13701, 1.13701 | 1.13701 | 1.13485 | +0.0022
   1/6 | 763 | 1.10190, 1.10190, 1.10190 | 1.10190 | 1.09968 | +0.0022
   1/7 | 890 | 1.09183, 1.09183, 1.09183 | 1.09183 | 1.09048 | +0.0013
   3/7 |  7 | 1.14755, 1.14756, 1.14756 | 1.14756 | 1.14517 | +0.0024
   3/8 | 1019 | 1.15004, 1.15004, 1.15004 | 1.15004 | 1.14769 | +0.0024
   2/9 |  9 | 1.12467, 1.12467, 1.12467 | 1.12467 | 1.12328 | +0.0014
   4/9 |  9 | 1.14619, 1.14619, 1.14619 | 1.14619 | 1.14466 | +0.0015
