q=2003: mean Re κ = 0.05027, mean G = 1.11221
  m |   a_m (Re κ, cos)  m²·a_m |   b_m (Im κ, sin)   m·b_m |   g_m (G, cos)   m²·g_m
   1 | -0.01546  -0.0155 | -0.02228  -0.0223 | -0.04924  -0.0492
   2 | -0.00953  -0.0381 | -0.01656  -0.0331 | -0.02547  -0.1019
   3 | -0.00301  -0.0271 | -0.00755  -0.0226 | -0.00561  -0.0505
   4 | -0.00347  -0.0555 | -0.00856  -0.0343 | -0.00832  -0.1331
   5 | +0.00022  +0.0055 | -0.00231  -0.0116 | +0.00214  +0.0536
   6 | -0.00250  -0.0899 | -0.00690  -0.0414 | -0.00667  -0.2403
   7 | +0.00072  +0.0353 | -0.00099  -0.0070 | +0.00305  +0.1493
   8 | -0.00106  -0.0680 | -0.00424  -0.0339 | -0.00288  -0.1843
   9 | -0.00029  -0.0234 | -0.00227  -0.0204 | -0.00040  -0.0320
  10 | -0.00037  -0.0366 | -0.00283  -0.0283 | -0.00060  -0.0596
  11 | +0.00062  +0.0745 | -0.00037  -0.0041 | +0.00185  +0.2239
  12 | -0.00136  -0.1965 | -0.00447  -0.0537 | -0.00382  -0.5496
  16 | -0.00022  -0.0552 | -0.00199  -0.0318 | -0.00023  -0.0592
  20 | -0.00038  -0.1521 | -0.00209  -0.0419 | -0.00106  -0.4230
  24 | -0.00052  -0.2980 | -0.00245  -0.0589 | -0.00145  -0.8374
  30 | -0.00028  -0.2517 | -0.00179  -0.0536 | -0.00073  -0.6544
  40 | -0.00021  -0.3389 | -0.00131  -0.0524 | -0.00054  -0.8588
  60 | -0.00011  -0.3935 | -0.00121  -0.0728 | -0.00026  -0.9235
  90 | -0.00007  -0.5916 | -0.00074  -0.0668 | -0.00013  -1.0520
 120 | -0.00002  -0.2417 | -0.00069  -0.0827 | +0.00005  +0.6676
  |a_m| ~ m^-1.21 (fit 3 ≤ m ≤ 60, prefactor 0.0093)
  |b_m| ~ m^-1.06 (fit 3 ≤ m ≤ 60, prefactor 0.0200)
  |g_m| ~ m^-1.17 (fit 3 ≤ m ≤ 60, prefactor 0.0230)
