 p r | G(q) at N = 512, 1024, 2048 | fit G∞ + c₁/q + c₂/q² | predicted (horn) | Δ
 1 1 | 1.02634395, 1.02637810, 1.02639633 | 1.02641535 | 1.02641539 | -3.5e-08
 2 1 | 1.11142282, 1.11142770, 1.11143038 | 1.11143322 | 1.11143318 | +4.3e-08
 3 1 | 1.12836657, 1.12836728, 1.12836757 | 1.12836781 | 1.12836776 | +4.9e-08
 3 2 | 1.12537076, 1.12537317, 1.12537450 | 1.12537590 | 1.12537582 | +8.7e-08
 4 1 | 1.12357397, 1.12357391, 1.12357381 | 1.12357368 | 1.12357348 | +2.0e-07
 4 3 | 1.12156857, 1.12157022, 1.12157111 | 1.12157204 | 1.12157195 | +9.4e-08
 5 1 | 1.11300416, 1.11300396, 1.11300362 | 1.11300313 | 1.11300337 | -2.4e-07
 5 2 | 1.14414695, 1.14414748, 1.14414738 | 1.14414703 | 1.14414795 | -9.2e-07
 5 3 | 1.14644523, 1.14644569, 1.14644563 | 1.14644539 | 1.14644595 | -5.6e-07
 5 4 | 1.11312789, 1.11312922, 1.11312962 | 1.11312984 | 1.11313044 | -6.0e-07
