p=1 trace check: ρ(2.2) = -1.09060-0.26354j   (1−u+κ₀u² at 2.2: −1.08468−0.25316i)
 p r | predicted Ĝ (horn map) | bulb G at q=pN+r: N=256, N=512 | Δ(N=512)
 1 1 | 1.0264154 | 1.0262843, 1.0263440 | -7.1e-05
 2 1 | 1.1114332 | 1.1114144, 1.1114228 | -1.0e-05
 3 1 | 1.1283678 | 1.1283643, 1.1283666 | -1.2e-06
 3 2 | 1.1253758 | 1.1253664, 1.1253708 | -5.1e-06
 4 1 | 1.1235735 | 1.1235728, 1.1235740 | +4.9e-07
 4 3 | 1.1215720 | 1.1215653, 1.1215686 | -3.4e-06
 5 1 | 1.1130034 | 1.1130035, 1.1130042 | +7.9e-07
 5 2 | 1.1441480 | 1.1441457, 1.1441469 | -1.0e-06
 5 3 | 1.1464460 | 1.1464435, 1.1464452 | -7.3e-07
 5 4 | 1.1131304 | 1.1131249, 1.1131279 | -2.6e-06
