q=127:   x̃      p    log|a|/q   arg(a)/2π    log|b|/q    |b/a²|/q   arg(b/a²)/2π
  +0.0079    1  +3.0376   +0.4678     +inf         nan   +nan
  -0.0157   63  +1.8582   +0.0625     +4.4424    86123639806699751899211750710787964928.0000   +0.3510
  -0.0236   42  +1.5104   +0.1815     +3.5696    14567749471767738282181394432.0000   +0.0832
  +0.0315   32  +1.3660   +0.4809     +3.3088    504514755795773621335960322048.0000   +0.1762
  +0.0394   51  +1.2657   -0.4764     +3.0474    224102936645823341984219136.0000   -0.1295
  -0.0472   21  +1.2650   +0.1796     +3.1530    180730321310640390376004939415552.0000   +0.3446
  -0.0551   18  +1.2572   +0.0902     +3.1665    7291653963566911826330713721929728.0000   +0.1534
  +0.0630   16  +1.2644   +0.1585     +3.2062    181119062904939367596449688924979200.0000   -0.2561
  -0.0709   14  +1.2768   +0.1609     +3.2933    492021060340685668188781882008217321472.0000   -0.2321
  -0.0787   38  +1.1367   +0.3752     +2.7695    18284672891666818622554112.0000   +0.2040
  -0.0866   23  +1.1597   -0.4871     +2.9128    4164888438174558387414969090048.0000   +0.0719
  +0.0945   53  +1.1135   -0.0420     +2.7292    39242488710895543372480512.0000   -0.0344
  -0.1024   39  +1.1221   +0.1593     +2.7415    21011486034995184991731712.0000   -0.3822
  -0.1102    9  +1.4014   +0.3135     +3.6970    164203532533750224090180200640299824953178456064.0000   +0.1071
  +0.1181   17  +1.1908   +0.1424     +3.0354    9090249782453844710046730261889024.0000   -0.4463
  +0.1260    8  +1.4551   +0.0625     +3.8370    10324249702791650639176389702763358439092955119616.0000   +0.0337
  +0.1339   15  +1.2150   +0.0780     +3.1439    18736604326640771349766933508303880192.0000   +0.2697
  -0.1417    7  +1.5177   +0.0018     +4.0129    6543590603336914434862615414704356699155889611866112.0000   +0.1318
  -0.1496   20  +1.1523   +0.1612     +2.9353    485002095968822357611204449402880.0000   -0.4893
  -0.1575   19  +1.1607   +0.3424     +2.9369    69592942695032594376166867992576.0000   +0.2701
  -0.1654    6  +1.6028   -0.4657     +4.2254    1382422958295035336124590299720230997144594436830789632.0000   +0.2668
  +0.1732   52  +1.0956   +0.2631     +2.6993    83919700650181138218745856.0000   +0.2836
  -0.1811   11  +1.3044   +0.0507     +3.4327    21818863962428549467165906191508983418716160.0000   +0.2729
  -0.1890   37  +1.0948   -0.2191     +2.6863    19449545931051552435339264.0000   -0.0606
  +0.1969   61  +1.2607   +0.1900     +3.1586    1101287945830540150799765474377728.0000   +0.0048
  +0.2047   44  +1.1571   +0.1354     +2.8886    375941451106594993385186000896.0000   -0.0931
  -0.2126   47  +1.0878   -0.0582     +2.6825    70670563768206870838247424.0000   +0.4726
  +0.2205   59  +1.1438   +0.1045     +2.8452    44360922185975069889393590272.0000   +0.0638
  -0.2283   35  +1.0920   +0.4031     +2.6672    3541957429979879128956928.0000   -0.4628
  -0.2362   55  +1.0976   +0.4588     +2.6762    2666832466313965253689344.0000   -0.4824
  +0.2441   41  +1.1855   +0.1538     +2.8924    444244369543231175730921472.0000   +0.1442
  +0.2520    4  +1.8690   +0.3820     +4.8566    389992232080870328772789074242301707788071728603021180928000.0000   +0.4014
  -0.2598   50  +1.1083   -0.4946     +2.7381    460344980526696318122328064.0000   -0.2588
  -0.2677   56  +1.0984   -0.2120     +2.6950    23385048713783322221740032.0000   +0.3587
  -0.2756   29  +1.1019   -0.2279     +2.6912    6091204128390429978656768.0000   -0.0150
  +0.2835   60  +1.1835   -0.3047     +2.9641    6815506108723953584513308688384.0000   -0.3348
  -0.2913   24  +1.1219   -0.0454     +2.8151    250934139793337150511677177856.0000   -0.3454
  -0.2992   10  +1.3401   +0.4171     +3.5277    443311943169371160660516784937675343689416704.0000   +0.1658
  -0.3071   13  +1.2495   +0.2510     +3.2635    11579831116510236729572616357001662824448.0000   +0.2932
  +0.3150   54  +1.1038   +0.0906     +2.7318    637710163080462034874138624.0000   +0.4094
  +0.3228   31  +1.1752   -0.4614     +2.8823    1741447392495995296069713920.0000   +0.3029
  -0.3307    3  +2.0845   +0.1884     +5.3449    570063709080721207281993446562403172424077415079182061742850048.0000   -0.0225
  -0.3386   62  +1.4137   +0.4951     +3.5063    219872484387281428461979162529234944.0000   -0.0058
  +0.3465   26  +1.1594   +0.4946     +2.8349    230804454261658338254127104.0000   +0.4443
  +0.3543   48  +1.0931   -0.0427     +2.7093    565203462694011722467901440.0000   -0.3705
  +0.3622   58  +1.1204   +0.3272     +2.7885    12606605220766405367569580032.0000   -0.2866
  -0.3701   27  +1.1098   +0.1617     +2.7349    209974988978389635238461440.0000   +0.3647
  +0.3780   45  +1.1072   +0.3136     +2.7573    6881726237486702482113429504.0000   -0.1033
  -0.3858   57  +1.1039   -0.1456     +2.7213    168193789599724625637408768.0000   -0.0824
  -0.3937   33  +1.1254   -0.2437     +2.7944    7551476400645121133028311040.0000   +0.4595
  +0.4016    5  +1.7131   +0.4694     +4.4994    1233023287960013945516575478872501192243325434505182838784.0000   +0.2998
  +0.4094   22  +1.1377   +0.0967     +2.8750    9211818902045699391105487863808.0000   +0.3338
  +0.4173   12  +1.2697   -0.4759     +3.3259    190624234263346669144608376593633870086144.0000   -0.4210
  +0.4252   40  +1.1186   -0.1456     +2.7397    40832055772070976262504448.0000   -0.4952
  -0.4331   30  +1.1103   +0.0566     +2.7212    31578255096176138029891584.0000   -0.4243
  -0.4409   34  +1.0997   -0.4194     +2.7055    64459927690378542663598080.0000   +0.4837
  -0.4488   49  +1.0872   -0.1754     +2.6871    147736758352100297384394752.0000   -0.0650
  +0.4567   46  +1.1002   +0.4559     +2.7085    83434826251504210814173184.0000   -0.3665
  +0.4646   28  +1.1220   +0.4062     +2.7639    371550716461506584884805632.0000   -0.1609
  +0.4724   36  +1.1272   +0.1454     +2.7458    9961957999477668494442496.0000   +0.2003
  +0.4803   25  +1.1985   +0.1517     +3.0037    22948421541327122739476524171264.0000   +0.3239
  -0.4882   43  +1.3278   -0.1575     +3.2694    56247118331698943486292224114688.0000   -0.3436
  -0.4961    2  +2.4180   -0.4068     +inf         inf   +nan
