q=59:   x̃      p    log|a|/q   arg(a)/2π    log|b|/q    |b/a²|/q   arg(b/a²)/2π
  +0.0169    1  +2.3187   +0.2369     +5.8772    9.945e+29+0j   +0.3158
  -0.0339   29  +1.4985   +0.0166     +3.6996    1.7e+16+0j   +0.4025
  +0.0508   20  +1.2736   -0.4573     +3.1581    7.609e+13+0j   +0.2770
  +0.0678   15  +1.1880   +0.2281     +2.9534    1.056e+13+0j   +0.2011
  +0.0847   12  +1.1559   +0.3160     +2.8663    2.745e+12+0j   +0.1969
  +0.1017   10  +1.1497   -0.4278     +2.9210    1.438e+14+0j   -0.1342
  +0.1186   17  +1.0863   -0.3993     +2.6852    2.317e+11+0j   +0.3662
  -0.1356   22  +1.0699   -0.0070     +2.6355    8.564e+10+0j   -0.4991
  -0.1525   13  +1.0829   +0.1642     +2.6781    2.283e+11+0j   -0.0744
  +0.1695    6  +1.2228   -0.0333     +3.2086    6.041e+17+0j   -0.2516
  -0.1864   16  +1.0642   +0.0027     +2.6115    4.085e+10+0j   -0.4525
  +0.2034    5  +1.2800   -0.3725     +3.3880    2.793e+19+0j   -0.1185
  -0.2203    9  +1.1161   -0.2616     +2.8583    1.873e+14+0j   +0.4044
  -0.2373   21  +1.0688   +0.2149     +2.6691    7.076e+11+0j   -0.0247
  +0.2542    4  +1.3710   +0.4913     +3.6437    2.162e+21+0j   -0.4473
  -0.2712   11  +1.0857   -0.0874     +2.7479    9.991e+12+0j   +0.3591
  +0.2881    7  +1.1666   -0.0309     +3.0393    2.104e+16+0j   +0.3504
  +0.3051   23  +1.0515   -0.0692     +2.5829    3.361e+10+0j   -0.3528
  +0.3220   28  +1.1628   +0.3730     +2.9113    1.713e+13+0j   +0.0061
  +0.3390    3  +1.5194   -0.3736     +4.0227    2.769e+23+0j   -0.1701
  -0.3559   14  +1.0762   -0.2907     +2.6435    6.545e+10+0j   -0.3769
  -0.3729    8  +1.1347   +0.2477     +2.9170    6.683e+14+0j   +0.1781
  +0.3898   18  +1.0576   +0.2219     +2.5961    3.554e+10+0j   +0.0928
  -0.4068   27  +1.0842   -0.4447     +2.7086    1.173e+12+0j   +0.0884
  +0.4237   26  +1.0602   +0.0856     +2.6141    7.626e+10+0j   +0.4932
  +0.4407   25  +1.0552   +0.3637     +2.6196    1.89e+11+0j   -0.0971
  -0.4576   24  +1.0669   -0.2614     +2.6411    1.682e+11+0j   -0.1949
  +0.4746   19  +1.1369   -0.2678     +2.7884    2.597e+11+0j   -0.2112
  -0.4915    2  +1.7786   +0.1394     +4.6455    1.294e+26+0j   +0.2171
q=127:   x̃      p    log|a|/q   arg(a)/2π    log|b|/q    |b/a²|/q   arg(b/a²)/2π
  +0.0079    1  +3.0376   +0.4678     +7.3958    5.378e+70+0j   +0.0871
  -0.0157   63  +1.8582   +0.0625     +4.4424    8.612e+37+0j   +0.3510
  -0.0236   42  +1.5104   +0.1815     +3.5696    1.457e+28+0j   +0.0832
  +0.0315   32  +1.3660   +0.4809     +3.3088    5.045e+29+0j   +0.1762
  +0.0394   51  +1.2657   -0.4764     +3.0474    2.241e+26+0j   -0.1295
  -0.0472   21  +1.2650   +0.1796     +3.1530    1.807e+32+0j   +0.3446
  -0.0551   18  +1.2572   +0.0902     +3.1665    7.292e+33+0j   +0.1534
  +0.0630   16  +1.2644   +0.1585     +3.2062    1.811e+35+0j   -0.2561
  -0.0709   14  +1.2768   +0.1609     +3.2933    4.92e+38+0j   -0.2321
  -0.0787   38  +1.1367   +0.3752     +2.7695    1.828e+25+0j   +0.2040
  -0.0866   23  +1.1597   -0.4871     +2.9128    4.165e+30+0j   +0.0719
  +0.0945   53  +1.1135   -0.0420     +2.7292    3.924e+25+0j   -0.0344
  -0.1024   39  +1.1221   +0.1593     +2.7415    2.101e+25+0j   -0.3822
  -0.1102    9  +1.4014   +0.3135     +3.6970    1.642e+47+0j   +0.1071
  +0.1181   17  +1.1908   +0.1424     +3.0354    9.09e+33+0j   -0.4463
  +0.1260    8  +1.4551   +0.0625     +3.8370    1.032e+49+0j   +0.0337
  +0.1339   15  +1.2150   +0.0780     +3.1439    1.874e+37+0j   +0.2697
  -0.1417    7  +1.5177   +0.0018     +4.0129    6.544e+51+0j   +0.1318
  -0.1496   20  +1.1523   +0.1612     +2.9353    4.85e+32+0j   -0.4893
  -0.1575   19  +1.1607   +0.3424     +2.9369    6.959e+31+0j   +0.2701
  -0.1654    6  +1.6028   -0.4657     +4.2254    1.382e+54+0j   +0.2668
  +0.1732   52  +1.0956   +0.2631     +2.6993    8.392e+25+0j   +0.2836
  -0.1811   11  +1.3044   +0.0507     +3.4327    2.182e+43+0j   +0.2729
  -0.1890   37  +1.0948   -0.2191     +2.6863    1.945e+25+0j   -0.0606
  +0.1969   61  +1.2607   +0.1900     +3.1586    1.101e+33+0j   +0.0048
  +0.2047   44  +1.1571   +0.1354     +2.8886    3.759e+29+0j   -0.0931
  -0.2126   47  +1.0878   -0.0582     +2.6825    7.067e+25+0j   +0.4726
  +0.2205   59  +1.1438   +0.1045     +2.8452    4.436e+28+0j   +0.0638
  -0.2283   35  +1.0920   +0.4031     +2.6672    3.542e+24+0j   -0.4628
  -0.2362   55  +1.0976   +0.4588     +2.6762    2.667e+24+0j   -0.4824
  +0.2441   41  +1.1855   +0.1538     +2.8924    4.442e+26+0j   +0.1442
  +0.2520    4  +1.8690   +0.3820     +4.8566    3.9e+59+0j   +0.4014
  -0.2598   50  +1.1083   -0.4946     +2.7381    4.603e+26+0j   -0.2588
  -0.2677   56  +1.0984   -0.2120     +2.6950    2.339e+25+0j   +0.3587
  -0.2756   29  +1.1019   -0.2279     +2.6912    6.091e+24+0j   -0.0150
  +0.2835   60  +1.1835   -0.3047     +2.9641    6.816e+30+0j   -0.3348
  -0.2913   24  +1.1219   -0.0454     +2.8151    2.509e+29+0j   -0.3454
  -0.2992   10  +1.3401   +0.4171     +3.5277    4.433e+44+0j   +0.1658
  -0.3071   13  +1.2495   +0.2510     +3.2635    1.158e+40+0j   +0.2932
  +0.3150   54  +1.1038   +0.0906     +2.7318    6.377e+26+0j   +0.4094
  +0.3228   31  +1.1752   -0.4614     +2.8823    1.741e+27+0j   +0.3029
  -0.3307    3  +2.0845   +0.1884     +5.3449    5.701e+62+0j   -0.0225
  -0.3386   62  +1.4137   +0.4951     +3.5063    2.199e+35+0j   -0.0058
  +0.3465   26  +1.1594   +0.4946     +2.8349    2.308e+26+0j   +0.4443
  +0.3543   48  +1.0931   -0.0427     +2.7093    5.652e+26+0j   -0.3705
  +0.3622   58  +1.1204   +0.3272     +2.7885    1.261e+28+0j   -0.2866
  -0.3701   27  +1.1098   +0.1617     +2.7349    2.1e+26+0j   +0.3647
  +0.3780   45  +1.1072   +0.3136     +2.7573    6.882e+27+0j   -0.1033
  -0.3858   57  +1.1039   -0.1456     +2.7213    1.682e+26+0j   -0.0824
  -0.3937   33  +1.1254   -0.2437     +2.7944    7.551e+27+0j   +0.4595
  +0.4016    5  +1.7131   +0.4694     +4.4994    1.233e+57+0j   +0.2998
  +0.4094   22  +1.1377   +0.0967     +2.8750    9.212e+30+0j   +0.3338
  +0.4173   12  +1.2697   -0.4759     +3.3259    1.906e+41+0j   -0.4210
  +0.4252   40  +1.1186   -0.1456     +2.7397    4.083e+25+0j   -0.4952
  -0.4331   30  +1.1103   +0.0566     +2.7212    3.158e+25+0j   -0.4243
  -0.4409   34  +1.0997   -0.4194     +2.7055    6.446e+25+0j   +0.4837
  -0.4488   49  +1.0872   -0.1754     +2.6871    1.477e+26+0j   -0.0650
  +0.4567   46  +1.1002   +0.4559     +2.7085    8.343e+25+0j   -0.3665
  +0.4646   28  +1.1220   +0.4062     +2.7639    3.716e+26+0j   -0.1609
  +0.4724   36  +1.1272   +0.1454     +2.7458    9.962e+24+0j   +0.2003
  +0.4803   25  +1.1985   +0.1517     +3.0037    2.295e+31+0j   +0.3239
  -0.4882   43  +1.3278   -0.1575     +3.2694    5.625e+31+0j   -0.3436
  -0.4961    2  +2.4180   -0.4068     +6.0833    4.967e+66+0j   -0.2332
q=251:   x̃      p    log|a|/q   arg(a)/2π    log|b|/q    |b/a²|/q   arg(b/a²)/2π
  +0.0040    1  +3.7009   -0.2141     +8.7559    1.666e+145+0j   -0.2301
  -0.0080  125  +2.1918   +0.0382     +5.1110    7.851e+76+0j   +0.2311
  +0.0120   84  +1.7351   -0.4187     +4.0680    5.731e+62+0j   +0.2770
  +0.0159   63  +1.5334   -0.4915     +3.6233    1.866e+58+0j   +0.4598
  -0.0199   50  +1.4292   +0.1281     +3.4376    5.41e+60+0j   +0.4631
  +0.0239   42  +1.3796   +0.0592     +3.3628    2.472e+63+0j   -0.4369
  +0.0279   36  +1.3555   +0.1303     +3.3542    5.186e+67+0j   +0.3683
  -0.0319   94  +1.2417   -0.4288     +2.9527    5.716e+48+0j   -0.4791
  +0.0359   28  +1.3526   -0.3435     +3.4254    1.252e+76+0j   +0.0264
  -0.0398   25  +1.3626   +0.3922     +3.4824    1.421e+80+0j   +0.1409
  -0.0438  114  +1.2123   -0.3859     +2.9388    4.472e+53+0j   -0.3922
  +0.0478   21  +1.4010   +0.4011     +3.6245    1.841e+87+0j   -0.0033
  +0.0518   58  +1.1787   +0.2483     +2.8449    5.464e+50+0j   -0.4241
  +0.0558   18  +1.4478   -0.3652     +3.7716    1.25e+93+0j   -0.4605
  +0.0598   67  +1.1606   +0.1074     +2.8201    9.739e+51+0j   -0.3425
  -0.0637   47  +1.1773   +0.0874     +2.9333    4.925e+60+0j   -0.2220
  -0.0677   59  +1.1590   -0.0527     +2.8061    6.354e+50+0j   +0.2553
  +0.0717   14  +1.5519   +0.4147     +4.0635    1.623e+102+0j   +0.1497
  -0.0757   66  +1.1523   +0.1596     +2.8313    1.031e+55+0j   -0.2852
  +0.0797  113  +1.1473   -0.1227     +2.8152    2.309e+54+0j   -0.4569
  +0.0837   12  +1.6312   -0.2648     +4.2740    7.579e+107+0j   -0.1553
  -0.0876   57  +1.1386   -0.1264     +2.7648    5.619e+50+0j   -0.0314
  -0.0916  120  +1.2677   -0.2014     +3.1560    1.824e+65+0j   -0.0921
  -0.0956  115  +1.1554   +0.4537     +2.8577    1.613e+57+0j   +0.0651
  -0.0996   10  +1.7358   +0.2163     +4.5387    8.455e+113+0j   -0.3936
  +0.1036   29  +1.2409   -0.3465     +3.2060    3.389e+76+0j   -0.3705
  +0.1076   93  +1.1155   +0.0674     +2.7333    2.237e+52+0j   -0.0852
  +0.1116    9  +1.8054   -0.0872     +4.7032    4.759e+116+0j   -0.0802
  +0.1155   26  +1.2688   +0.3978     +3.2952    1.582e+80+0j   +0.2910
  -0.1195   92  +1.1135   +0.0459     +2.7346    8.513e+52+0j   -0.1809
  +0.1235   81  +1.2080   -0.0866     +2.9399    5.131e+54+0j   +0.0191
  +0.1275  102  +1.1326   +0.1704     +2.7803    5.755e+53+0j   -0.1069
  -0.1315   38  +1.1747   +0.0203     +2.9839    5.705e+66+0j   -0.2579
  +0.1355   96  +1.1054   -0.1851     +2.7244    3.861e+53+0j   +0.2893
  -0.1394   43  +1.1755   -0.1997     +2.9644    2.938e+64+0j   +0.3639
  +0.1434    7  +1.9808   +0.2905     +5.1138    1.547e+123+0j   -0.2821
  +0.1474   95  +1.1116   -0.1419     +2.7392    6.954e+53+0j   -0.3080
  -0.1514   33  +1.2001   -0.4487     +3.0624    5.998e+69+0j   +0.4648
  +0.1554  103  +1.1098   -0.2785     +2.7262    6.492e+52+0j   -0.4529
  -0.1594   69  +1.1147   +0.2054     +2.7371    9.011e+52+0j   -0.4326
  +0.1633   49  +1.1788   -0.4662     +2.9555    6.148e+62+0j   -0.4692
  +0.1673    6  +2.0971   +0.2068     +5.3754    2.294e+126+0j   -0.1508
  -0.1713   35  +1.2010   +0.1642     +3.0522    3.002e+68+0j   +0.1708
  +0.1753   97  +1.1041   +0.2913     +2.7219    3.914e+53+0j   +0.2900
  +0.1793  106  +1.1072   +0.4088     +2.7157    1.787e+52+0j   +0.0102
  -0.1833   60  +1.1399   +0.1362     +2.7890    1.299e+53+0j   +0.3462
  -0.1873   16  +1.4552   +0.1865     +3.8344    2.131e+98+0j   -0.4954
  +0.1912   68  +1.1176   -0.0999     +2.7205    3.166e+50+0j   -0.0135
  +0.1952   41  +1.1934   -0.2619     +3.0198    3.989e+66+0j   -0.2266
  -0.1992    5  +2.2408   -0.2218     +5.6894    1.815e+129+0j   -0.1075
  +0.2032   64  +1.2205   +0.2436     +3.0161    1.938e+60+0j   +0.4610
  -0.2072  111  +1.1282   +0.4817     +2.7700    3.827e+53+0j   -0.0293
  +0.2112   90  +1.1181   -0.0381     +2.7522    7.143e+53+0j   -0.0791
  -0.2151   79  +1.1364   -0.2512     +2.7762    3.052e+52+0j   +0.2754
  -0.2191   73  +1.1121   +0.1883     +2.7250    1.526e+52+0j   -0.1538
  -0.2231  121  +1.3025   -0.0759     +3.2522    1.437e+68+0j   -0.3204
  -0.2271   22  +1.3151   -0.0079     +3.4534    2.143e+87+0j   +0.2379
  +0.2311   13  +1.5637   -0.2192     +4.1215    9.27e+105+0j   +0.2666
  -0.2351   17  +1.4274   -0.4557     +3.7637    4.723e+96+0j   +0.4255
  -0.2390   46  +1.1509   -0.3707     +2.8875    2.816e+61+0j   +0.0219
  +0.2430  107  +1.1443   -0.0196     +2.8189    2.518e+55+0j   +0.0701
  -0.2470   85  +1.3438   +0.2915     +3.3001    2.294e+64+0j   +0.4265
  +0.2510    4  +2.4271   -0.3647     +6.0963    9.83e+132+0j   +0.3385
  +0.2550   51  +1.2187   -0.4764     +2.9878    3.865e+57+0j   -0.1890
  +0.2590  112  +1.1372   +0.2363     +2.7979    4.598e+54+0j   -0.4261
  -0.2629   19  +1.3771   -0.1341     +3.6290    9.018e+92+0j   +0.3434
  +0.2669   15  +1.4876   -0.0612     +3.9259    1.7e+101+0j   -0.2344
  +0.2709   48  +1.1447   +0.1831     +2.8730    1.671e+61+0j   -0.3537
  -0.2749   40  +1.1632   +0.2712     +2.9531    8.078e+65+0j   -0.1826
  +0.2789  104  +1.1026   -0.1291     +2.7185    3.598e+53+0j   -0.1904
  +0.2829   99  +1.1336   -0.1539     +2.7879    2.281e+54+0j   +0.2873
  -0.2869  122  +1.3767   -0.3043     +3.4238    4.787e+70+0j   -0.2687
  -0.2908   55  +1.1257   +0.2107     +2.7614    1.526e+53+0j   -0.0039
  -0.2948   78  +1.1222   +0.4548     +2.7237    7.228e+49+0j   +0.4903
  -0.2988   87  +1.1715   -0.2928     +2.9190    2.412e+60+0j   +0.1241
  +0.3028  109  +1.1119   +0.2887     +2.7202    4.965e+51+0j   -0.0989
  -0.3068   88  +1.1442   +0.1639     +2.8454    2.047e+58+0j   -0.2605
  -0.3108   74  +1.1110   -0.4912     +2.7272    4.781e+52+0j   -0.2713
  -0.3147   54  +1.1339   +0.1107     +2.7835    6.437e+53+0j   -0.4174
  +0.3187   91  +1.1267   +0.3244     +2.7642    1.902e+53+0j   +0.4451
  +0.3227   31  +1.2508   +0.4761     +3.2188    6.232e+75+0j   -0.4887
  -0.3267  101  +1.2226   -0.4686     +2.9689    4.712e+54+0j   -0.3047
  +0.3307  124  +1.6953   -0.4169     +4.1061    3.888e+75+0j   +0.2999
  +0.3347    3  +2.6773   +0.2428     +6.6340    1.158e+137+0j   -0.0749
  -0.3386   62  +1.3001   -0.3720     +3.1565    1.743e+58+0j   +0.1910
  +0.3426  108  +1.1652   +0.4721     +2.8150    2.678e+50+0j   -0.4359
  -0.3466   75  +1.1330   -0.3919     +2.7692    2.758e+52+0j   -0.3748
  -0.3506   77  +1.1266   +0.0175     +2.7541    1.607e+52+0j   -0.1768
  +0.3546  110  +1.1161   +0.0360     +2.7223    1.064e+51+0j   -0.3933
  +0.3586   53  +1.1338   -0.2812     +2.7899    3.475e+54+0j   +0.4671
  +0.3625   80  +1.1590   -0.1635     +2.8265    1.067e+53+0j   +0.3926
  -0.3665   30  +1.2188   -0.1364     +3.1551    6.524e+75+0j   -0.2105
  +0.3705   27  +1.2482   -0.0706     +3.2456    1.892e+79+0j   +0.1381
  -0.3745    8  +1.8771   -0.2940     +4.8791    1.697e+120+0j   +0.2236
  +0.3785   37  +1.1822   -0.2984     +3.0180    6.923e+68+0j   -0.2911
  +0.3825   34  +1.1892   +0.0154     +3.0300    4.332e+68+0j   +0.2188
  +0.3865   44  +1.1490   +0.0035     +2.8975    9.256e+62+0j   +0.2024
  -0.3904  105  +1.1051   +0.0982     +2.7212    2.027e+53+0j   +0.4178
  +0.3944   71  +1.1317   +0.0315     +2.7572    2.601e+51+0j   -0.4680
  +0.3984  123  +1.4927   -0.0681     +3.6773    1.038e+73+0j   +0.0526
  -0.4024   82  +1.2900   +0.0643     +3.1221    5.084e+56+0j   +0.0835
  +0.4064   32  +1.2218   -0.3672     +3.1194    1.851e+71+0j   +0.2684
  +0.4104   39  +1.1662   +0.4674     +2.9667    5.53e+66+0j   +0.4475
  +0.4143   70  +1.1085   -0.0918     +2.7182    1.748e+52+0j   -0.3133
  -0.4183   98  +1.1071   +0.2068     +2.7172    2.661e+52+0j   +0.1707
  +0.4223   45  +1.1441   +0.4557     +2.8864    6.466e+62+0j   +0.2149
  +0.4263   61  +1.1750   -0.2967     +2.8803    2.568e+55+0j   +0.4840
  +0.4303   86  +1.2258   -0.1702     +3.0458    2.309e+62+0j   +0.2350
  +0.4343   76  +1.1130   -0.1514     +2.7191    2.267e+51+0j   -0.2642
  +0.4382   89  +1.1256   +0.0191     +2.7959    9.377e+56+0j   +0.2234
  -0.4422   52  +1.1501   +0.2917     +2.8299    2.181e+55+0j   +0.3834
  +0.4462   65  +1.1532   +0.4507     +2.8621    1.506e+58+0j   +0.3358
  +0.4502   20  +1.3542   -0.4603     +3.5538    5.889e+89+0j   -0.4156
  -0.4542   11  +1.6679   +0.4286     +4.3785    1.807e+111+0j   +0.3100
  -0.4582   24  +1.2898   +0.3287     +3.3573    2.391e+82+0j   +0.1032
  -0.4622  119  +1.2207   -0.2396     +3.0416    1.054e+63+0j   -0.2871
  +0.4661  118  +1.1995   -0.0518     +2.9857    3.521e+61+0j   +0.1373
  +0.4701  117  +1.1847   -0.1260     +2.9401    6.404e+59+0j   -0.1666
  -0.4741  116  +1.1747   -0.3206     +2.9024    7.532e+57+0j   -0.2492
  -0.4781   23  +1.3369   +0.0888     +3.4706    2.78e+84+0j   -0.0739
  -0.4821   56  +1.1791   +0.4089     +2.8561    7.436e+51+0j   +0.4097
  -0.4861   72  +1.2043   +0.0191     +2.9220    3.565e+53+0j   +0.0547
  +0.4900  100  +1.2827   -0.0676     +3.0852    1.796e+54+0j   -0.4671
  +0.4940   83  +1.5257   -0.4446     +3.5994    2.21e+57+0j   +0.2544
  -0.4980    2  +3.0453   +0.2268     +7.4073    1.353e+141+0j   +0.1350
