q=59:   x̃      p    log|a|/q   arg(a)/2π    log|b|/q    |b/a²|/q   arg(b/a²)/2π
  +0.0169    1  +2.3187   +0.2369     +5.8772    994521206989930515177498738688.0000   +0.3158
  -0.0339   29  +1.4985   +0.0166     +3.6996    17004418616734696.0000   +0.4025
  +0.0508   20  +1.2736   -0.4573     +3.1581    76093715172746.9219   +0.2770
  +0.0678   15  +1.1880   +0.2281     +2.9534    10559421904456.0469   +0.2011
  +0.0847   12  +1.1559   +0.3160     +2.8663    2744954081078.2637   +0.1969
  +0.1017   10  +1.1497   -0.4278     +2.9210    143820691733914.4375   -0.1342
  +0.1186   17  +1.0863   -0.3993     +2.6852    231737494145.9480   +0.3662
  -0.1356   22  +1.0699   -0.0070     +2.6355    85637353336.4712   -0.4991
  -0.1525   13  +1.0829   +0.1642     +2.6781    228260050773.8087   -0.0744
  +0.1695    6  +1.2228   -0.0333     +3.2086    604113999166231296.0000   -0.2516
  -0.1864   16  +1.0642   +0.0027     +2.6115    40854007124.8746   -0.4525
  +0.2034    5  +1.2800   -0.3725     +3.3880    27928048483480432640.0000   -0.1185
  -0.2203    9  +1.1161   -0.2616     +2.8583    187251093416355.2500   +0.4044
  -0.2373   21  +1.0688   +0.2149     +2.6691    707557384394.6837   -0.0247
  +0.2542    4  +1.3710   +0.4913     +3.6437    2161824426063133409280.0000   -0.4473
  -0.2712   11  +1.0857   -0.0874     +2.7479    9991183300427.4707   +0.3591
  +0.2881    7  +1.1666   -0.0309     +3.0393    21041864127500352.0000   +0.3504
  +0.3051   23  +1.0515   -0.0692     +2.5829    33610645828.6262   -0.3528
  +0.3220   28  +1.1628   +0.3730     +2.9113    17127476843521.7598   +0.0061
  +0.3390    3  +1.5194   -0.3736     +4.0227    276883316684026802077696.0000   -0.1701
  -0.3559   14  +1.0762   -0.2907     +2.6435    65451907031.2389   -0.3769
  -0.3729    8  +1.1347   +0.2477     +2.9170    668260374548675.5000   +0.1781
  +0.3898   18  +1.0576   +0.2219     +2.5961    35542317937.9045   +0.0928
  -0.4068   27  +1.0842   -0.4447     +2.7086    1173155238527.8962   +0.0884
  +0.4237   26  +1.0602   +0.0856     +2.6141    76255236121.4818   +0.4932
  +0.4407   25  +1.0552   +0.3637     +2.6196    189006775379.8872   -0.0971
  -0.4576   24  +1.0669   -0.2614     +2.6411    168179895859.0919   -0.1949
  +0.4746   19  +1.1369   -0.2678     +2.7884    259671388615.8242   -0.2112
  -0.4915    2  +1.7786   +0.1394     +4.6455    129429443273507714176647168.0000   +0.2171
