q	v(a)	res(a)	v(X)	res(X)	v(iota)	res(iota·π^-v)	v(R)	law (odd l): v(a)=q/l, res(a)=-1, v(iota)=-(q+q/l), res=1; v(R)=l-1 (q=l), -2φ(q)/l (v≥2)
3	1	2	0	2	-4	1	2
9	3	2	6	1	-12	1	-4
27	9	2	36	2	-36	1	-12
81	27	2	162	1	-108	1	-36
5	1	4	0	4	-6	1	4
25	5	4	20	1	-30	1	-8
125	25	4	200	4	-150	1	-40
7	1	6	0	6	-8	1	6
49	7	6	42	1	-56	1	-12
11	1	10	0	10	-12	1	10
121	11	10	110	1	-132	1	-20
13	1	12	0	12	-14	1	12
2	1	1	0	1	-3	1	-
4	3	1	3	1	-7	1	-
8	9	1	13	1	-17	1	-
16	25	1	41	1	-41	1	-
32	65	1	113	1	-97	1	-
64	161	1	289	1	-225	1	-
3	1	2	0	2	-4	1	2
5	1	4	0	4	-6	1	4
7	1	6	0	6	-8	1	6
11	1	10	0	10	-12	1	10
13	1	12	0	12	-14	1	12
17	1	16	0	16	-18	1	16
19	1	18	0	18	-20	1	18
23	1	22	0	22	-24	1	22
29	1	28	0	28	-30	1	28
31	1	30	0	30	-32	1	30
37	1	36	0	36	-38	1	36
41	1	40	0	40	-42	1	40
43	1	42	0	42	-44	1	42
47	1	46	0	46	-48	1	46
53	1	52	0	52	-54	1	52
59	1	58	0	58	-60	1	58
61	1	60	0	60	-62	1	60
67	1	66	0	66	-68	1	66
71	1	70	0	70	-72	1	70
73	1	72	0	72	-74	1	72
79	1	78	0	78	-80	1	78
83	1	82	0	82	-84	1	82
89	1	88	0	88	-90	1	88
97	1	96	0	96	-98	1	96
101	1	100	0	100	-102	1	100
103	1	102	0	102	-104	1	102
107	1	106	0	106	-108	1	106
109	1	108	0	108	-110	1	108
113	1	112	0	112	-114	1	112
127	1	126	0	126	-128	1	126
131	1	130	0	130	-132	1	130
137	1	136	0	136	-138	1	136
139	1	138	0	138	-140	1	138
