β (m·b_m): relative residual 0.813  (cond 4.7)
α (m²·a_m): relative residual 0.629  (cond 4.7)
γ (m²·g_m): relative residual 0.804  (cond 4.7)

 q' |   β(q')   J(q')/π  ratio |   α(q')  α·q'² |   γ(q')  γ·q'²
  2 | -0.0112  -0.0108   1.03 | +0.0174 +0.070 | +0.0345 +0.138
  3 | -0.0067  -0.0067   1.00 | -0.0518 -0.467 | -0.1512 -1.361
  4 | -0.0045  -0.0046   0.96 | -0.0705 -1.128 | -0.2030 -3.248
  5 | -0.0032  -0.0033   0.97 | -0.0738 -1.846 | -0.2038 -5.096
  6 | -0.0019  -0.0029   0.64 | -0.0537 -1.932 | -0.1519 -5.469
  7 | -0.0014  -0.0015   0.97 | -0.0589 -2.886 | -0.1632 -7.999
  8 | -0.0010  -0.0017   0.59 | -0.0462 -2.957 | -0.1273 -8.147
  9 | -0.0005          —         | -0.0323 -2.616 | -0.0892 -7.228
 10 | -0.0003          —         | -0.0291 -2.907 | -0.0773 -7.730
 11 | -0.0000          —         | -0.0252 -3.053 | -0.0785 -9.497
 12 | -0.0002          —         | -0.0022 -0.320 | -0.0053 -0.758
 13 | -0.0001          —         | -0.0133 -2.254 | -0.0321 -5.429
 14 | +0.0003          —         | -0.0187 -3.660 | -0.0587 -11.499
 15 | -0.0000          —         | -0.0072 -1.626 | -0.0134 -3.008
 16 | +0.0003          —         | -0.0130 -3.340 | -0.0381 -9.753
 17 | +0.0001          —         | +0.0012 +0.345 | +0.0031 +0.884
 18 | +0.0006          —         | -0.0043 -1.408 | -0.0279 -9.052
 19 | +0.0002          —         | +0.0017 +0.602 | +0.0031 +1.122
 20 | +0.0002          —         | +0.0057 +2.283 | +0.0243 +9.731
 21 | +0.0005          —         | +0.0003 +0.150 | -0.0064 -2.806
 22 | +0.0000          —         | -0.0035 -1.708 | -0.0018 -0.877
 23 | +0.0002          —         | -0.0010 -0.529 | +0.0030 +1.575
 24 | +0.0002          —         | +0.0055 +3.154 | +0.0248 +14.265
